Best score from generation 25: 12265
New best agent network: 
[array([[-0.54158373, -0.44392771,  0.80030545, -0.55543971, -0.35488409,
         1.17741723],
       [-0.87514149, -0.65758179,  0.19752449,  0.53480517, -0.31226036,
         0.28674936],
       [ 0.16859647,  0.86811995, -0.70125883, -0.03384278,  0.15214103,
        -0.09395762],
       [-0.32867832,  0.10493133, -1.72246506, -1.81384949, -0.36338702,
         0.17742101],
       [-0.87141204, -0.89802051, -0.12691654,  0.54790772, -1.56738203,
         0.9559588 ],
       [-0.4892481 , -0.20549707, -0.86697985,  0.01979248, -0.52786876,
        -0.48708072]]), array([[ 0.78622739, -0.45450111,  0.2425558 , -0.4812785 ,  0.21880671,
        -0.28038744],
       [ 1.04046813,  0.80158458, -0.25473573,  0.2147257 ,  0.0176534 ,
         0.34276913],
       [ 0.59068378,  0.33793668, -0.65189674, -0.78196632, -0.4651746 ,
         0.93690644],
       [ 0.59898896,  1.02310505, -0.31052519, -0.63219968, -0.9556391 ,
        -1.49589998],
       [ 0.26831374,  0.25589013, -0.10974364,  1.43212409, -0.37718173,
         1.03666083],
       [ 0.39429927,  0.63031475, -0.07329871,  0.03108402,  0.73011472,
        -0.38877956]]), array([[-0.13350036,  0.02983813, -1.60012985, -0.25087479, -0.17403446,
         0.13738018],
       [ 0.44564776,  0.75662431,  0.2007246 , -0.38610175,  1.25817023,
        -0.6726556 ],
       [-0.361748  , -0.37053399,  1.31132802, -0.80596143, -0.07530727,
        -0.51316058]]), array([[-0.70694038, -0.88380695, -1.00957763]])][array([  -4.67165551, -400.        , -160.01203868,   25.25974233,
        -10.83546489,  -39.83903097]), array([-0.99991775,  1.        , -1.        ,  1.        ,  1.        ,
        1.        ]), array([-0.96582449,  0.53067621,  0.08872978, -0.98193937,  0.97520757,
        0.59266616]), array([0.15946514, 0.83254117, 0.59342574]), array([-0.8952267])][None, <function tanh at 0x7f4cb954b280>, <function tanh at 0x7f4cb954b280>, <function tanh at 0x7f4cb954b280>, <function tanh at 0x7f4cb954b280>]


# this one is frickin great, stayed stable for as long as I remained patient
# BASE_FORCE_NOISE = 0.2
# ROD_ACC_NOISE = 10
[array([[ 0.4010935 ,  0.17380435,  0.46610903,  0.67387612, -1.11860267,
         0.7796228 ],
       [-0.12766548, -0.78949384,  0.33772793,  0.89651942,  0.74809464,
        -0.27130258],
       [-0.16249101,  1.02182658, -0.23362933,  0.60915724,  1.1946604 ,
         0.44988317],
       [ 0.03490393,  0.28558754, -0.87953071, -0.1068136 , -0.90631468,
         0.27575582],
       [-0.48264145,  0.23590262,  0.31184427, -0.08313906,  1.21324446,
         0.83698277],
       [ 0.47863356, -0.02098529, -0.38115715, -0.24249563, -0.36075511,
        -0.18843818]]), array([[-0.65436097, -0.39891741, -1.21956157, -0.91555445, -0.41722647,
        -0.51560649],
       [ 0.74090726,  0.29109008, -0.13288238, -0.440505  , -0.20174388,
        -0.91172093],
       [ 0.29149297, -0.54507219,  0.34849674,  1.19896526, -0.69301843,
         0.96746684],
       [-0.28868831, -0.04723705, -0.26114726,  0.23224088,  0.00767892,
         0.65910899],
       [ 0.91346722,  0.323523  , -0.15258544,  0.06546514, -0.57164732,
        -0.26127101],
       [ 0.30972463, -1.22116277, -1.16545753,  0.49520239, -0.30369354,
         0.50683313]]), array([[ 0.44652754, -0.28365132, -0.1056795 , -0.79446925,  1.09017169,
        -0.4117078 ],
       [ 0.41614097,  0.09866263, -1.47663484,  0.19516506,  0.84484399,
        -0.26013768],
       [-0.11931823, -0.68097021,  0.00644839,  0.24649995, -0.95858978,
         0.72292085]]), array([[ 0.41794222, -0.08889091, -0.92734772]])][array([  0.05252207, -33.48323514,   2.54684796,  -0.7122435 ,
        -1.01178651,  -1.10450135]), array([-0.99987003,  1.        , -1.        , -1.        , -0.99999998,
        0.46439348]), array([ 0.9883124 , -0.09767447, -0.84593564,  0.51442385, -0.05234256,
       -0.31088832]), array([ 0.21713855,  0.94553092, -0.10425218]), array([0.10301356])][None, <function tanh at 0x7fb1e4a541f0>, <function tanh at 0x7fb1e4a541f0>, <function tanh at 0x7fb1e4a541f0>, <function tanh at 0x7fb1e4a541f0>]